{
    "rMarker_01_M_RootX_CTL": {
        "lira": [
            0.0,
            0.0,
            0.0
        ],
        "pafr": [
            [
                1.0,
                0.0,
                0.0,
                0.0
            ],
            [
                0.0,
                1.0,
                0.0,
                0.0
            ],
            [
                0.0,
                0.0,
                1.0,
                0.0
            ],
            [
                0.0,
                9.666982819490661,
                0.09396873879201315,
                1.0
            ]
        ]
    },
    "rMarker_02_M_FkSpine1_CTL": {
        "lira": [
            44.99999100695533,
            44.99999100695533,
            44.99999100695533
        ],
        "pafr": [
            [
                1.0,
                0.0,
                0.0,
                0.0
            ],
            [
                0.0,
                1.0000000000000002,
                0.0,
                0.0
            ],
            [
                0.0,
                0.0,
                1.0000000000000002,
                0.0
            ],
            [
                0.0,
                0.7137220602700811,
                -0.15486799131270154,
                1.0
            ]
        ]
    },
    "rMarker_03_M_FkSpine2_CTL": {
        "lira": [
            44.99999100695533,
            44.99999100695533,
            44.99999100695533
        ],
        "pafr": [
            [
                1.0,
                0.0,
                0.0,
                0.0
            ],
            [
                0.0,
                0.9999999999999999,
                0.0,
                0.0
            ],
            [
                0.0,
                0.0,
                1.0,
                0.0
            ],
            [
                0.0,
                0.7137222290039062,
                -1.3877787807814457e-17,
                1.0
            ]
        ]
    },
    "rMarker_04_M_FkSpine3_CTL": {
        "lira": [
            44.99999100695533,
            44.99999100695533,
            44.99999100695533
        ],
        "pafr": [
            [
                1.0,
                0.0,
                0.0,
                0.0
            ],
            [
                0.0,
                1.0,
                0.0,
                0.0
            ],
            [
                0.0,
                0.0,
                1.0,
                0.0
            ],
            [
                0.0,
                0.7353497948214951,
                1.3877787807814457e-17,
                1.0
            ]
        ]
    },
    "rMarker_05_M_FkNeck_CTL": {
        "lira": [
            44.99999100695533,
            44.99999100695533,
            44.99999100695533
        ],
        "pafr": [
            [
                1.0,
                0.0,
                0.0,
                0.0
            ],
            [
                0.0,
                1.0,
                8.673617379884037e-19,
                0.0
            ],
            [
                0.0,
                0.0,
                1.0,
                0.0
            ],
            [
                0.0,
                2.947378753434732,
                -0.007316996673843723,
                1.0
            ]
        ]
    },
    "rMarker_06_M_FkHead_CTL": {
        "lira": [
            44.99999100695533,
            44.99999100695533,
            44.99999100695533
        ],
        "pafr": [
            [
                1.0,
                0.0,
                0.0,
                0.0
            ],
            [
                0.0,
                0.9999999999999998,
                -5.5511151231257815e-17,
                0.0
            ],
            [
                0.0,
                5.5511151231257815e-17,
                0.9999999999999998,
                0.0
            ],
            [
                0.0,
                1.0841454617492037,
                0.30731386030144037,
                1.0
            ]
        ]
    },
    "rMarker_07_R_Scapula_JNT": {
        "lira": [
            33.20542568778596,
            21.095846921453735,
            34.83153663481509
        ],
        "pafr": [
            [
                0.172817,
                0.984293,
                0.0360862,
                0.0
            ],
            [
                -0.963511,
                0.176544,
                -0.201193,
                0.0
            ],
            [
                -0.204404,
                1.27818e-07,
                0.978887,
                0.0
            ],
            [
                -0.231095,
                2.415584,
                0.250815,
                1.0
            ]
        ]
    },
    "rMarker_08_R_Shoulder_JNT": {
        "lira": [
            86.43738949377786,
            65.45899621283895,
            60.039329898893044
        ],
        "pafr": [
            [
                0.784778,
                0.619557,
                0.0165076,
                0.0
            ],
            [
                -0.617533,
                0.783924,
                -0.0641524,
                0.0
            ],
            [
                -0.0526868,
                0.0401514,
                0.997804,
                0.0
            ],
            [
                0.0,
                1.544042,
                -0.324458,
                1.0
            ]
        ]
    },
    "rMarker_09_R_Elbow_JNT": {
        "lira": [
            71.70137247269123,
            -0.9999832369458256,
            -0.9999832369458256
        ],
        "pafr": [
            [
                1.0,
                -8.45172e-07,
                -2.20383e-07,
                0.0
            ],
            [
                2.02967e-07,
                -0.0205523,
                0.999789,
                0.0
            ],
            [
                -8.49523e-07,
                -0.999789,
                -0.0205523,
                0.0
            ],
            [
                8.50854e-07,
                2.756471,
                1.49592e-06,
                1.0
            ]
        ]
    },
    "rMarker_10_R_Wrist_JNT": {
        "lira": [
            44.99999100695533,
            0.0,
            44.99999100695533
        ],
        "pafr": [
            [
                -0.20987921198038095,
                0.01192927440589403,
                0.9776545447092461,
                0.0
            ],
            [
                -0.03529659051333005,
                0.9991813279725805,
                -0.01976928246255988,
                0.0
            ],
            [
                -0.9770899994763166,
                -0.03865703355275836,
                -0.20928632702656974,
                0.0
            ],
            [
                8.644772915289423e-07,
                2.5565550367505114,
                -2.3583081887323942e-07,
                1.0
            ]
        ]
    },
    "rMarker_11_L_Scapula_JNT": {
        "lira": [
            33.20542568778596,
            21.095846921453735,
            34.83153663481509
        ],
        "pafr": [
            [
                -0.172817,
                0.984293,
                0.0360862,
                0.0
            ],
            [
                0.963511,
                0.176544,
                -0.201193,
                0.0
            ],
            [
                -0.204404,
                -1.27818e-07,
                -0.978887,
                0.0
            ],
            [
                0.231095,
                2.415623,
                0.250815,
                1.0
            ]
        ]
    },
    "rMarker_12_L_Shoulder_JNT": {
        "lira": [
            86.43738949377786,
            65.45899621283895,
            60.039329898893044
        ],
        "pafr": [
            [
                -0.784778,
                -0.619557,
                -0.0165076,
                0.0
            ],
            [
                0.617533,
                -0.783924,
                0.0641524,
                0.0
            ],
            [
                -0.0526868,
                0.0401514,
                0.997804,
                0.0
            ],
            [
                5.52651e-07,
                -1.544045,
                0.324458,
                1.0
            ]
        ]
    },
    "rMarker_13_L_Elbow_JNT": {
        "lira": [
            71.70137247269123,
            -0.9999832369458256,
            -0.9999832369458256
        ],
        "pafr": [
            [
                -1.0,
                7.24943e-08,
                1.69086e-07,
                0.0
            ],
            [
                -1.6756e-07,
                0.0205516,
                -0.999789,
                0.0
            ],
            [
                -7.5954e-08,
                -0.999789,
                -0.0205516,
                0.0
            ],
            [
                1.49489e-05,
                -2.756488,
                -3.14638e-08,
                1.0
            ]
        ]
    },
    "rMarker_14_L_Wrist_JNT": {
        "lira": [
            44.99999100695533,
            0.0,
            44.99999100695533
        ],
        "pafr": [
            [
                0.20987853585893052,
                -0.011929241239540367,
                -0.9776546902609125,
                0.0
            ],
            [
                0.035297280361905166,
                -0.9991813018911417,
                0.019769368987836045,
                0.0
            ],
            [
                -0.9770901197866887,
                -0.03865771791729326,
                -0.20928563892599586,
                0.0
            ],
            [
                1.415357019496355e-05,
                -2.5565631187971887,
                3.6577572424256743e-06,
                1.0
            ]
        ]
    },
    "rMarker_15_R_Hip_JNT": {
        "lira": [
            79.07178862491698,
            0.0,
            0.0
        ],
        "pafr": [
            [
                -0.996058,
                0.0886993,
                1.61678e-06,
                0.0
            ],
            [
                -0.073278,
                -0.822894,
                0.563451,
                0.0
            ],
            [
                0.049979,
                0.56123,
                0.82615,
                0.0
            ],
            [
                -0.779026,
                -1.68734e-07,
                1.02543e-08,
                1.0
            ]
        ]
    },
    "rMarker_16_R_Knee_JNT": {
        "lira": [
            68.76341441253444,
            -0.9999832369458256,
            -0.9999832369458256
        ],
        "pafr": [
            [
                0.999992,
                1.30232e-07,
                -0.00395707,
                0.0
            ],
            [
                -0.00371072,
                0.347352,
                -0.937727,
                0.0
            ],
            [
                0.00137437,
                0.937735,
                0.34735,
                0.0
            ],
            [
                -1.98199e-06,
                3.959206,
                -1.71199e-06,
                1.0
            ]
        ]
    },
    "rMarker_17_R_Ankle_JNT": {
        "lira": [
            44.99999100695533,
            92.99998551248785,
            29.85671712641753
        ],
        "pafr": [
            [
                0.9960489896584122,
                0.08812149779821486,
                0.011000537543936486,
                0.0
            ],
            [
                -0.0887173323599435,
                0.992913993287562,
                0.07906349899089206,
                0.0
            ],
            [
                -0.003955393708814652,
                -0.07972705663416035,
                0.9968088840399958,
                0.0
            ],
            [
                8.842025436273104e-07,
                4.4884298079071545,
                9.996394556843757e-06,
                1.0
            ]
        ]
    },
    "rMarker_18_R_Toes_JNT": {
        "lira": [
            0.0,
            -0.9999832369458256,
            0.0
        ],
        "pafr": [
            [
                0.999999999999956,
                -1.2250561598023645e-07,
                -2.6985066342626374e-07,
                1.1102230246251475e-16
            ],
            [
                2.9635621556843605e-07,
                0.4133728584464852,
                0.9105618484758156,
                2.767087948598931e-23
            ],
            [
                -1.7784383169890095e-23,
                -0.9105618484758555,
                0.4133728584465033,
                1.1459772720608102e-23
            ],
            [
                1.3322676295501878e-15,
                0.9089578908124328,
                1.2762388093684405,
                1.0
            ]
        ]
    },
    "rMarker_19_L_Hip_JNT": {
        "lira": [
            79.07178862491698,
            0.0,
            0.0
        ],
        "pafr": [
            [
                0.996058,
                0.0886993,
                1.61678e-06,
                0.0
            ],
            [
                0.073278,
                -0.822894,
                0.563451,
                0.0
            ],
            [
                0.049979,
                -0.56123,
                -0.82615,
                0.0
            ],
            [
                0.779026,
                -1.68734e-07,
                1.02543e-08,
                1.0
            ]
        ]
    },
    "rMarker_20_L_Knee_JNT": {
        "lira": [
            68.76341441253444,
            -0.9999832369458256,
            -0.9999832369458256
        ],
        "pafr": [
            [
                -0.999992,
                8.21143e-07,
                0.00395708,
                0.0
            ],
            [
                0.0037104,
                -0.347353,
                0.937727,
                0.0
            ],
            [
                0.00137527,
                0.937734,
                0.347351,
                0.0
            ],
            [
                -1.79967e-06,
                -3.959206,
                -2.06606e-06,
                1.0
            ]
        ]
    },
    "rMarker_21_L_Ankle_JNT": {
        "lira": [
            44.99999100695533,
            92.99998551248785,
            29.85671712641753
        ],
        "pafr": [
            [
                -0.9960489463026299,
                -0.0881219801878106,
                -0.011000598947343053,
                0.0
            ],
            [
                0.08871781810156884,
                -0.9929139503960991,
                -0.07906349258735022,
                0.0
            ],
            [
                -0.003955416630167993,
                -0.07972705761905464,
                0.9968088838702686,
                0.0
            ],
            [
                1.2895020955472347e-06,
                -4.4884298080542555,
                -9.994859100637132e-06,
                1.0
            ]
        ]
    },
    "rMarker_22_L_Toes_JNT": {
        "lira": [
            0.0,
            -0.9999832369458256,
            0.0
        ],
        "pafr": [
            [
                -0.9999999999999558,
                1.225056158930741e-07,
                2.698506636490638e-07,
                0.0
            ],
            [
                -2.9635621584496123e-07,
                -0.4133728584464863,
                -0.9105618484758152,
                0.0
            ],
            [
                2.68833699079734e-23,
                -0.9105618484758553,
                0.4133728584465045,
                0.0
            ],
            [
                4.440892098500626e-16,
                -0.9089578908124278,
                -1.2762388093684414,
                1.0
            ]
        ]
    },
    "rMarker_24_L_ThumbFinger1_JNT": {
        "lira": [
            0.0,
            0.0,
            0.0
        ],
        "pafr": [
            [
                -0.0284712208698345,
                0.1801572939072757,
                -0.9832256806217926,
                -1.5866811957993067e-17
            ],
            [
                -0.821514176688414,
                -0.5645956909635003,
                -0.07966280967555994,
                -2.738784663137514e-19
            ],
            [
                -0.5694768187399184,
                0.8054657380655332,
                0.1640764995982267,
                -9.734341663422963e-19
            ],
            [
                -0.19004254810281307,
                -0.25227105069264066,
                -0.12574745906784202,
                1.0
            ]
        ]
    },
    "rMarker_25_L_ThumbFinger2_JNT": {
        "lira": [
            0.0,
            -0.9999832369458256,
            -0.9999832369458256
        ],
        "pafr": [
            [
                -1.0000000000000009,
                8.326672684688674e-17,
                -2.1510571102112408e-16,
                0.0
            ],
            [
                -1.3877787807814457e-16,
                -0.9481359910678402,
                -0.3178649751731156,
                0.0
            ],
            [
                -2.7755575615628914e-17,
                -0.3178649751731155,
                0.94813599106784,
                0.0
            ],
            [
                -0.00025027309719050095,
                -0.5748718191970137,
                3.5344421327465625e-06,
                1.0
            ]
        ]
    },
    "rMarker_26_L_ThumbFinger3_JNT": {
        "lira": [
            0.0,
            -0.9999832369458256,
            -0.9999832369458256
        ],
        "pafr": [
            [
                -0.9999999999999993,
                2.498001805406602e-16,
                8.326672684688674e-17,
                0.0
            ],
            [
                -1.942890293094024e-16,
                -0.9965408703535925,
                -0.0831041137062628,
                0.0
            ],
            [
                -2.7755575615628914e-17,
                -0.08310411370626275,
                0.9965408703535927,
                0.0
            ],
            [
                -1.8122009137755413e-06,
                -0.35631824046720073,
                2.6596512654464277e-06,
                1.0
            ]
        ]
    },
    "rMarker_27_L_IndexFinger1_JNT": {
        "lira": [
            0.0,
            0.0,
            0.0
        ],
        "pafr": [
            [
                -0.9883833227347549,
                0.15194067142734136,
                -0.0035269967413821546,
                -1.801289511991059e-18
            ],
            [
                -0.14919312424312264,
                -0.9744127166117743,
                -0.16811088419206116,
                6.155837062909085e-19
            ],
            [
                -0.028979631094636776,
                -0.16563179064258476,
                0.9857617820295869,
                1.578463550403887e-17
            ],
            [
                -0.285855275387661,
                -0.9753949228213843,
                0.02856596310848758,
                1.0
            ]
        ]
    },
    "rMarker_28_L_IndexFinger2_JNT": {
        "lira": [
            0.0,
            -0.9999832369458256,
            -0.9999832369458256
        ],
        "pafr": [
            [
                -1.0000000000000004,
                2.220446049250313e-16,
                5.551115123125783e-17,
                0.0
            ],
            [
                -5.551115123125783e-17,
                -0.973907880000457,
                -0.22694369626191097,
                0.0
            ],
            [
                -5.551115123125783e-17,
                -0.22694369626191083,
                0.9739078800004577,
                0.0
            ],
            [
                -2.4003796512683806e-06,
                -0.5040163372167106,
                -3.5901457628995104e-06,
                1.0
            ]
        ]
    },
    "rMarker_29_L_IndexFinger3_JNT": {
        "lira": [
            0.0,
            -0.9999832369458256,
            -0.9999832369458256
        ],
        "pafr": [
            [
                -0.9999999999999991,
                0.0,
                5.551115123125783e-17,
                0.0
            ],
            [
                -1.1102230246251565e-16,
                -0.9997859356369934,
                0.020690164389362997,
                0.0
            ],
            [
                0.0,
                0.02069016438936333,
                0.9997859356369923,
                0.0
            ],
            [
                4.9151774572653295e-06,
                -0.23459266175991633,
                -4.923267429290945e-06,
                1.0
            ]
        ]
    },
    "rMarker_30_L_MiddleFinger1_JNT": {
        "lira": [
            0.0,
            0.0,
            0.0
        ],
        "pafr": [
            [
                -0.9992454900415341,
                0.03842935782255835,
                0.005624507889588959,
                -1.2772315035984457e-18
            ],
            [
                -0.03878877993166013,
                -0.9947848892319306,
                -0.09433162092971524,
                1.963389616380502e-18
            ],
            [
                0.001970071843239052,
                -0.09447861458107877,
                0.9955249420299679,
                1.5725523396737216e-17
            ],
            [
                -0.02330136745862499,
                -1.0132598539233437,
                0.04210224486659975,
                1.0
            ]
        ]
    },
    "rMarker_31_L_MiddleFinger2_JNT": {
        "lira": [
            0.0,
            -0.9999832369458256,
            -0.9999832369458256
        ],
        "pafr": [
            [
                -1.0,
                5.551115123125783e-17,
                0.0,
                0.0
            ],
            [
                -1.1102230246251565e-16,
                -0.9378003778992321,
                -0.34717495763960043,
                0.0
            ],
            [
                5.551115123125783e-17,
                -0.3471749576396005,
                0.9378003778992322,
                0.0
            ],
            [
                -6.967867744456235e-06,
                -0.514697040601857,
                6.8660089826977355e-06,
                1.0
            ]
        ]
    },
    "rMarker_32_L_MiddleFinger3_JNT": {
        "lira": [
            0.0,
            -0.9999832369458256,
            -0.9999832369458256
        ],
        "pafr": [
            [
                -1.0000000000000004,
                -5.551115123125783e-17,
                0.0,
                0.0
            ],
            [
                -1.6653345369377348e-16,
                -0.9998825904768839,
                -0.015323356722195786,
                0.0
            ],
            [
                5.551115123125783e-17,
                -0.015323356722195605,
                0.9998825904768838,
                0.0
            ],
            [
                3.7023491514798224e-06,
                -0.32333479847722035,
                -8.943517398662948e-06,
                1.0
            ]
        ]
    },
    "rMarker_33_L_RingFinger1_JNT": {
        "lira": [
            0.0,
            0.0,
            0.0
        ],
        "pafr": [
            [
                -0.9664419823355849,
                -0.1327453685008693,
                0.21992853821374003,
                2.6739342452316362e-18
            ],
            [
                0.11402197798618971,
                -0.9888483807072193,
                -0.09580119262736805,
                2.108083596081234e-18
            ],
            [
                0.23019314350210565,
                -0.0675096075701648,
                0.9708004787649926,
                1.5530111538715204e-17
            ],
            [
                0.1954800708705775,
                -0.9487109465158552,
                -0.00372546137214691,
                1.0
            ]
        ]
    },
    "rMarker_34_L_RingFinger2_JNT": {
        "lira": [
            0.0,
            -0.9999832369458256,
            -0.9999832369458256
        ],
        "pafr": [
            [
                -1.0000000000000009,
                5.551115123125783e-17,
                4.163336342344337e-17,
                0.0
            ],
            [
                -1.1102230246251565e-16,
                -0.9513802944599794,
                -0.30801872558862947,
                0.0
            ],
            [
                -8.326672684688674e-17,
                -0.30801872558862936,
                0.9513802944599815,
                0.0
            ],
            [
                -2.962529493277799e-06,
                -0.5116548838180126,
                -6.287811640248719e-07,
                1.0
            ]
        ]
    },
    "rMarker_35_L_RingFinger3_JNT": {
        "lira": [
            0.0,
            -0.9999832369458256,
            -0.9999832369458256
        ],
        "pafr": [
            [
                -0.9999999999999988,
                8.326672684688674e-17,
                -6.938893903907228e-17,
                0.0
            ],
            [
                -1.3877787807814457e-16,
                -0.9830099782262712,
                -0.18355212531481507,
                0.0
            ],
            [
                2.7755575615628914e-17,
                -0.1835521253148153,
                0.9830099782262687,
                0.0
            ],
            [
                4.591746935123098e-06,
                -0.320000354909733,
                6.0466591138563786e-06,
                1.0
            ]
        ]
    },
    "rMarker_36_L_PinkyFinger1_JNT": {
        "lira": [
            0.0,
            0.0,
            0.0
        ],
        "pafr": [
            [
                -0.9438851212675021,
                -0.2234588825766149,
                0.24320157410560203,
                3.3779741259120243e-18
            ],
            [
                0.18751257484288988,
                -0.968751205910074,
                -0.16235804668560777,
                1.099306587136718e-18
            ],
            [
                0.2718821658837185,
                -0.1076439912182145,
                0.9562911999119255,
                1.549706814313506e-17
            ],
            [
                0.4055208974284722,
                -0.9046669216545689,
                -0.09522296066526792,
                1.0
            ]
        ]
    },
    "rMarker_37_L_PinkyFinger2_JNT": {
        "lira": [
            0.0,
            -0.9999832369458256,
            -0.9999832369458256
        ],
        "pafr": [
            [
                -1.0000000000000009,
                5.551115123125783e-17,
                4.336808689942018e-18,
                0.0
            ],
            [
                -1.1102230246251565e-16,
                -0.9926075472133443,
                -0.12136827103946433,
                0.0
            ],
            [
                -3.122502256758253e-17,
                -0.12136827103946442,
                0.9926075472133444,
                0.0
            ],
            [
                3.973213094088379e-07,
                -0.39849064138799406,
                -5.101715604638457e-06,
                1.0
            ]
        ]
    },
    "rMarker_38_L_PinkyFinger3_JNT": {
        "lira": [
            0.0,
            -0.9999832369458256,
            -0.9999832369458256
        ],
        "pafr": [
            [
                -0.999999999999999,
                1.1102230246251565e-16,
                -2.42861286636753e-17,
                0.0
            ],
            [
                -1.3877787807814457e-16,
                -0.9836646357634748,
                -0.1800107895330426,
                0.0
            ],
            [
                -5.551115123125783e-17,
                -0.18001078953304253,
                0.9836646357634748,
                0.0
            ],
            [
                -3.471224105933146e-07,
                -0.25258190092738086,
                -2.1886657126657383e-06,
                1.0
            ]
        ]
    },
    "rMarker_39_R_ThumbFinger1_JNT": {
        "lira": [
            0.0,
            0.0,
            0.0
        ],
        "pafr": [
            [
                0.029438814170400812,
                -0.18106483875921547,
                0.9830304575064504,
                0.0
            ],
            [
                0.8215063474709506,
                0.5646440451701226,
                0.07940039873237112,
                0.0
            ],
            [
                -0.5694389144457724,
                0.8052283070154826,
                0.16536836546268616,
                0.0
            ],
            [
                0.1900443096840797,
                0.25226615971166666,
                0.1257436419166016,
                1.0
            ]
        ]
    },
    "rMarker_40_R_ThumbFinger2_JNT": {
        "lira": [
            0.0,
            0.0,
            0.0
        ],
        "pafr": [
            [
                0.9999999997012217,
                -2.322805798934957e-05,
                -7.616573217919531e-06,
                0.0
            ],
            [
                2.4444399593065436e-05,
                0.9481358999299883,
                0.3178652460814509,
                0.0
            ],
            [
                -1.618458660979094e-07,
                -0.31786524617266243,
                0.9481359002145024,
                0.0
            ],
            [
                0.0002594111054303738,
                0.5748758839629362,
                -2.6645352591003757e-15,
                1.0
            ]
        ]
    },
    "rMarker_41_R_ThumbFinger3_JNT": {
        "lira": [
            0.0,
            -0.9999832369458256,
            -0.9999832369458256
        ],
        "pafr": [
            [
                0.9999999894111623,
                -1.209376981992083e-05,
                0.00014502213385939045,
                0.0
            ],
            [
                5.551115123125783e-17,
                0.9965408703535938,
                0.0831041137062633,
                0.0
            ],
            [
                -0.00014552552551888587,
                -0.08310411282628682,
                0.996540859801383,
                0.0
            ],
            [
                -1.7763568394002505e-15,
                0.3563136067769106,
                -1.7763568394002505e-15,
                1.0
            ]
        ]
    },
    "rMarker_42_R_IndexFinger1_JNT": {
        "lira": [
            0.0,
            0.0,
            0.0
        ],
        "pafr": [
            [
                0.9883833227347558,
                -0.15194067142734158,
                0.0035269967413832926,
                0.0
            ],
            [
                0.14919312424312275,
                0.9744127166117772,
                0.16811088419205314,
                0.0
            ],
            [
                -0.028979631094636832,
                -0.16563179064257683,
                0.98576178202959,
                0.0
            ],
            [
                0.2858583531093747,
                0.9753933285833183,
                -0.028560972836041643,
                1.0
            ]
        ]
    },
    "rMarker_43_R_IndexFinger2_JNT": {
        "lira": [
            0.0,
            -0.9999832369458256,
            -0.9999832369458256
        ],
        "pafr": [
            [
                0.9999999999999992,
                0.0,
                -1.1102230246251565e-16,
                0.0
            ],
            [
                0.0,
                0.9739077071184089,
                0.22694443816794077,
                0.0
            ],
            [
                -5.551115123125783e-17,
                -0.2269444381679406,
                0.9739077071184091,
                0.0
            ],
            [
                8.881784197001252e-16,
                0.5040164041251414,
                3.552713678800501e-15,
                1.0
            ]
        ]
    },
    "rMarker_44_R_IndexFinger3_JNT": {
        "lira": [
            0.0,
            -0.9999832369458256,
            -0.9999832369458256
        ],
        "pafr": [
            [
                1.0000000000000009,
                5.551115123125783e-17,
                0.0,
                0.0
            ],
            [
                1.1102230246251565e-16,
                0.9997859356369947,
                -0.020690164389376042,
                0.0
            ],
            [
                0.0,
                0.020690164389376015,
                0.9997859356369952,
                0.0
            ],
            [
                1.3322676295501878e-15,
                0.23458779646409145,
                -7.105427357601002e-15,
                1.0
            ]
        ]
    },
    "rMarker_45_R_MiddleFinger1_JNT": {
        "lira": [
            0.0,
            0.0,
            0.0
        ],
        "pafr": [
            [
                0.9992454900415348,
                -0.03842935782255691,
                -0.0056245078895885425,
                0.0
            ],
            [
                0.038788779931658524,
                0.9947848892319326,
                0.09433162092970633,
                0.0
            ],
            [
                0.0019700718432388853,
                -0.0944786145810699,
                0.9955249420299696,
                0.0
            ],
            [
                0.023307551552474437,
                1.0132558409017167,
                -0.04210432459490754,
                1.0
            ]
        ]
    },
    "rMarker_46_R_MiddleFinger2_JNT": {
        "lira": [
            0.0,
            -0.9999832369458256,
            -0.9999832369458256
        ],
        "pafr": [
            [
                0.9999999999999994,
                0.0,
                -2.7755575615628914e-17,
                0.0
            ],
            [
                5.551115123125783e-17,
                0.9378003118291359,
                0.34717513611025375,
                0.0
            ],
            [
                0.0,
                -0.34717513611025363,
                0.9378003118291363,
                0.0
            ],
            [
                1.7763568394002505e-15,
                0.5146955527066774,
                -3.552713678800501e-15,
                1.0
            ]
        ]
    },
    "rMarker_47_R_MiddleFinger3_JNT": {
        "lira": [
            0.0,
            -0.9999832369458256,
            -0.9999832369458256
        ],
        "pafr": [
            [
                1.0000000000000009,
                -1.1102230246251565e-16,
                5.551115123125783e-17,
                0.0
            ],
            [
                0.0,
                0.9998825904768851,
                0.015323356722220613,
                0.0
            ],
            [
                0.0,
                -0.015323356722220557,
                0.9998825904768851,
                0.0
            ],
            [
                2.220446049250313e-16,
                0.3233377240394866,
                1.7763568394002505e-15,
                1.0
            ]
        ]
    },
    "rMarker_48_R_RingFinger1_JNT": {
        "lira": [
            0.0,
            0.0,
            0.0
        ],
        "pafr": [
            [
                0.9664419823355854,
                0.13274536850086807,
                -0.21992853821374117,
                0.0
            ],
            [
                -0.11402197798619082,
                0.9888483807072207,
                0.09580119262735866,
                0.0
            ],
            [
                0.23019314350210546,
                -0.0675096075701556,
                0.9708004787649946,
                0.0
            ],
            [
                -0.19547871790225313,
                0.9487078805513698,
                0.003725258261615849,
                1.0
            ]
        ]
    },
    "rMarker_49_R_RingFinger2_JNT": {
        "lira": [
            0.0,
            -0.9999832369458256,
            -0.9999832369458256
        ],
        "pafr": [
            [
                1.0,
                -5.551115123125783e-17,
                1.734723475976807e-17,
                -2.4947937717467493e-19
            ],
            [
                2.7755575615628914e-17,
                0.9513802062479713,
                0.3080189980497428,
                -3.534300734708089e-18
            ],
            [
                -1.3877787807814457e-17,
                -0.308018998049743,
                0.9513802062479713,
                -1.5112107745167197e-17
            ],
            [
                1.3322676295501878e-15,
                0.5116536944418018,
                -1.7763568394002505e-15,
                1.0
            ]
        ]
    },
    "rMarker_50_R_RingFinger3_JNT": {
        "lira": [
            0.0,
            -0.9999832369458256,
            -0.9999832369458256
        ],
        "pafr": [
            [
                0.9999999999999999,
                -2.7755575615628914e-17,
                -2.7755575615628914e-17,
                0.0
            ],
            [
                0.0,
                0.9830099782262715,
                0.1835521253148164,
                0.0
            ],
            [
                0.0,
                -0.18355212531481646,
                0.9830099782262716,
                0.0
            ],
            [
                4.440892098500626e-16,
                0.3199999999999994,
                2.6645352591003757e-15,
                1.0
            ]
        ]
    },
    "rMarker_51_R_PinkyFinger1_JNT": {
        "lira": [
            0.0,
            0.0,
            0.0
        ],
        "pafr": [
            [
                0.9438851212675023,
                0.22345888257661564,
                -0.24320157410560317,
                0.0
            ],
            [
                -0.18751257484289116,
                0.9687512059100751,
                0.162358046685606,
                0.0
            ],
            [
                0.2718821658837191,
                -0.10764399121821226,
                0.9562911999119265,
                0.0
            ],
            [
                -0.40551786837714143,
                0.9046627935152949,
                0.09522810766156908,
                1.0
            ]
        ]
    },
    "rMarker_52_R_PinkyFinger2_JNT": {
        "lira": [
            0.0,
            -0.9999832369458256,
            -0.9999832369458256
        ],
        "pafr": [
            [
                1.0,
                0.0,
                -3.859759734048396e-17,
                0.0
            ],
            [
                -5.551115123125783e-17,
                0.9926069902010893,
                0.12137282646430178,
                0.0
            ],
            [
                2.42861286636753e-17,
                -0.12137282646430168,
                0.992606990201089,
                0.0
            ],
            [
                -1.1102230246251565e-15,
                0.39849022045914495,
                -7.105427357601002e-15,
                1.0
